nFeatures: 527
3 104 101 84 15.257312774658203 474.6446838378906 1 988.184326171875 242.92637634277344 2 983.7276000976562 253.0988006591797
2 99 82 64 41.60702133178711 113.28914642333984 1 1020.1453857421875 230.8258819580078
3 109 109 101 69.85250091552734 365.15771484375 1 809.1634521484375 119.75232696533203 2 874.1994018554688 280.8713684082031
4 106 107 101 70.31597900390625 366.1971130371094 1 809.1634521484375 119.75232696533203 2 809.1634521484375 119.75232696533203 2 809.1634521484375 119.75232696533203
2 48 48 40 106.1399154663086 503.55377197265625 1 240.1130828857422 339.8301086425781
2 108 103 97 112.5639419555664 287.1560363769531 1 121.12519073486328 272.32879638671875
5 44 41 34 114.2315673828125 311.20819091796875 1 132.14768981933594 291.3659362792969 2 132.14768981933594 291.3659362792969 2 757.8864135742188 30.831069946289062 7 757.8864135742188 30.831069946289062
2 112 107 101 147.48878479003906 306.8115539550781 1 157.21240234375 284.1236572265625
3 80 70 58 161.28053283691406 596.7025146484375 1 242.39508056640625 367.4293212890625 2 111.62367248535156 102.9542007446289
3 34 32 20 163.90513610839844 328.62030029296875 1 176.8408966064453 302.412353515625 2 337.9725646972656 194.1166229248047
2 77 73 72 177.95034790039062 274.9895935058594 1 87.82443237304688 208.5700225830078
2 84 86 98 187.70431518554688 190.18980407714844 1 188.001953125 165.55032348632812
5 54 56 55 192.53392028808594 432.3450927734375 1 257.9200134277344 367.2182922363281 2 60.071754455566406 377.0681457519531 3 789.5650024414062 360.6540832519531 5 860.5579223632812 59.99464416503906
5 47 49 48 194.1185760498047 393.8972473144531 1 257.9200134277344 367.2182922363281 2 60.071754455566406 377.0681457519531 3 860.5579223632812 59.99464416503906 6 369.00750732421875 455.35064697265625
4 57 64 90 200.68356323242188 124.79381561279297 1 193.6049041748047 94.84223937988281 2 219.99244689941406 304.48883056640625 5 240.84507751464844 185.17620849609375
2 178 196 232 200.74472045898438 72.5275650024414 1 775.01806640625 178.55819702148438
2 56 77 108 202.6568145751953 187.35215759277344 1 198.6448974609375 157.86582946777344
3 116 106 96 203.393798828125 493.5332336425781 1 157.21240234375 284.1236572265625 2 418.7236633300781 467.5359191894531
4 18 22 25 209.40774536132812 479.75958251953125 1 808.8200073242188 387.6820373535156 2 262.6676330566406 453.5255432128906 3 185.17579650878906 410.320068359375
2 184 203 236 212.50643920898438 72.39817810058594 1 203.86158752441406 44.01898956298828
2 32 39 58 213.51141357421875 111.56671905517578 1 206.23611450195312 78.23705291748047
5 31 31 29 214.51609802246094 351.3938903808594 1 88.47277069091797 288.4141540527344 2 100.11902618408203 255.00770568847656 4 119.65248107910156 266.16290283203125 5 517.4234008789062 748.3961181640625
2 47 57 84 215.51937866210938 83.16378021240234 1 240.1868133544922 357.0831604003906
2 108 105 100 219.63491821289062 479.96099853515625 1 10.03485107421875 472.8074035644531
7 199 211 237 235.7998046875 127.49734497070312 1 227.92263793945312 92.6789779663086 2 227.92263793945312 92.6789779663086 2 289.2049560546875 105.32432556152344 4 289.2049560546875 105.32432556152344 4 214.0516815185547 59.10438919067383 5 214.0516815185547 59.10438919067383
3 199 213 239 236.07867431640625 127.90171813964844 1 227.92263793945312 92.6789779663086 2 214.0516815185547 59.10438919067383
4 91 94 103 236.95875549316406 178.3498077392578 1 809.1634521484375 119.75232696533203 2 215.69261169433594 134.8076934814453 5 254.57325744628906 400.1029052734375
5 45 50 46 237.82489013671875 400.8441162109375 1 257.9200134277344 367.2182922363281 2 60.071754455566406 377.0681457519531 3 860.5579223632812 59.99464416503906 6 369.00750732421875 455.35064697265625
3 41 47 69 239.02049255371094 123.03304290771484 1 230.38580322265625 88.13813781738281 2 892.6965942382812 602.763916015625
3 26 23 14 257.3164978027344 480.44390869140625 1 264.6261291503906 444.07891845703125 2 109.26881408691406 501.1080017089844
3 101 147 225 257.5983581542969 61.956668853759766 1 267.27490234375 21.108131408691406 2 59.25444412231445 612.9510498046875
2 91 87 88 258.5111999511719 551.2197265625 1 108.66461944580078 554.455810546875
2 113 108 102 268.0238952636719 490.57952880859375 1 273.3283386230469 303.0185852050781
3 107 106 102 272.00433349609375 339.1041564941406 1 273.3283386230469 303.0185852050781 2 132.78680419921875 281.877685546875
2 98 95 90 272.3316955566406 317.7649841308594 1 272.8025817871094 282.4443664550781
6 115 105 93 283.1394958496094 296.2473449707031 1 283.1631774902344 261.1629638671875 2 283.1631774902344 261.1629638671875 2 150.05894470214844 218.15927124023438 3 150.05894470214844 218.15927124023438 3 205.9446563720703 271.233154296875
2 71 99 136 286.2571716308594 224.1568145751953 1 375.6485290527344 265.50994873046875
2 25 24 22 293.7780456542969 477.4285583496094 1 264.6261291503906 444.07891845703125
7 133 173 235 300.53973388671875 193.5456085205078 1 227.92263793945312 92.6789779663086 2 338.4743347167969 187.08372497558594 2 276.1911315917969 149.18954467773438 3 214.0516815185547 59.10438919067383 5 214.0516815185547 59.10438919067383 5 408.15020751953125 327.92242431640625
3 39 43 80 302.38372802734375 190.12962341308594 1 230.14279174804688 87.83662414550781 2 278.92132568359375 144.76597595214844
9 95 99 110 302.3941345214844 244.9236602783203 1 809.1634521484375 119.75232696533203 2 809.1634521484375 119.75232696533203 2 277.0684509277344 211.21121215820312 3 292.3603210449219 151.0359649658203 4 215.69261169433594 134.8076934814453 5 293.2604675292969 425.1322937011719 9 254.57325744628906 400.1029052734375 10 254.57325744628906 400.1029052734375
5 126 183 252 306.0345764160156 225.6706085205078 1 236.722412109375 151.08396911621094 2 220.1874542236328 186.27261352539062 7 220.1874542236328 186.27261352539062 7 384.9113464355469 306.9272766113281
2 166 158 145 315.5726623535156 545.05615234375 1 73.80376434326172 611.219970703125
2 38 38 40 317.390869140625 539.8140258789062 1 83.94579315185547 590.7281494140625
2 117 164 232 322.2041320800781 109.98458099365234 1 329.1806335449219 68.15381622314453
2 201 220 252 324.94036865234375 127.11534118652344 1 328.29937744140625 87.59008026123047
2 39 33 37 326.3220520019531 299.32666015625 1 148.5358428955078 153.9872283935547
2 28 24 23 330.1038513183594 531.6277465820312 1 138.8478240966797 567.69189453125
2 133 129 120 336.3670959472656 378.9126281738281 1 157.21240234375 284.1236572265625
3 71 68 61 340.3167419433594 490.9468994140625 1 181.87344360351562 486.0465393066406 2 181.87344360351562 486.0465393066406
2 73 70 65 340.43975830078125 500.55584716796875 1 182.99368286132812 503.4576416015625
2 164 157 131 346.36004638671875 532.353515625 1 172.75955200195312 567.9606323242188
3 64 64 56 353.65264892578125 392.58367919921875 1 425.7005310058594 369.0591735839844 2 405.74322509765625 394.608642578125
2 134 131 126 354.2476806640625 378.5461120605469 1 240.11788940429688 304.0715026855469
4 162 191 231 357.6045837402344 251.35824584960938 1 227.92263793945312 92.6789779663086 2 276.1911315917969 149.18954467773438 3 214.0516815185547 59.10438919067383
3 148 193 248 359.93438720703125 243.40164184570312 1 487.9990234375 442.8565673828125 2 272.7027893066406 379.10015869140625
2 78 80 59 362.0224609375 500.30950927734375 1 228.2901611328125 500.37054443359375
4 60 59 54 367.1858215332031 396.4967346191406 1 250.0517120361328 328.94793701171875 2 302.3057556152344 330.9060974121094 5 162.69091796875 331.0588073730469
2 139 132 122 367.3707275390625 390.5810241699219 1 157.21240234375 284.1236572265625
2 215 200 181 368.43511962890625 588.1971435546875 1 292.6871643066406 638.3919067382812
3 190 182 161 371.987548828125 523.1917114257812 1 265.692626953125 532.5496826171875 2 188.6599578857422 171.51785278320312
2 40 40 42 374.9509582519531 515.8390502929688 1 271.8926696777344 516.7744140625
4 231 219 205 389.50848388671875 347.5863037109375 1 292.3148193359375 250.44854736328125 2 292.3148193359375 250.44854736328125 2 330.6593322753906 287.2989501953125
3 178 155 124 391.8757629394531 400.1051025390625 1 312.285888671875 337.36334228515625 2 219.13372802734375 342.1376953125
3 249 238 208 393.3135986328125 457.7514953613281 1 317.0513610839844 422.01861572265625 2 222.7186737060547 463.7587890625
2 249 232 206 395.37213134765625 377.144287109375 1 316.92327880859375 303.3855895996094
3 252 234 214 395.5554504394531 365.58349609375 1 315.80133056640625 286.8420104980469 2 225.9490509033203 270.4913635253906
4 114 126 148 396.5111083984375 277.66119384765625 1 319.6373291015625 160.99610900878906 2 325.3537902832031 197.17868041992188 3 375.85479736328125 195.5396270751953
4 134 107 77 397.4412841796875 395.37335205078125 1 321.131591796875 330.7494812011719 2 230.1071319580078 332.0474548339844 3 242.57350158691406 386.4403991699219
2 25 33 46 397.4565734863281 338.0576477050781 1 325.50848388671875 250.8245086669922
2 146 146 144 397.5042724609375 492.5501708984375 1 325.4774475097656 472.2839660644531
2 135 111 77 398.2955627441406 375.72137451171875 1 320.5809020996094 300.6877136230469
2 137 113 77 398.6575622558594 369.80938720703125 1 321.0660095214844 290.8999938964844
6 64 79 112 398.6852722167969 284.8218078613281 1 395.0626220703125 247.1940155029297 2 395.0626220703125 247.1940155029297 2 398.6542663574219 279.50628662109375 3 398.6542663574219 279.50628662109375 3 380.09033203125 204.65220642089844
3 136 107 67 399.00091552734375 361.92852783203125 1 321.754150390625 281.1325378417969 2 234.49217224121094 263.9618225097656
2 106 93 77 399.45343017578125 474.1237487792969 1 328.2036437988281 444.96197509765625
3 54 53 51 400.48077392578125 502.1656188964844 1 330.6878967285156 485.7908935546875 2 242.2264404296875 554.3294067382812
8 93 108 129 402.9189147949219 274.3114013671875 1 376.3844909667969 211.03797912597656 2 337.9725646972656 194.1166229248047 3 337.9725646972656 194.1166229248047 3 386.1304931640625 192.44480895996094 4 285.118408203125 116.79902648925781 5 839.6144409179688 357.22296142578125 9 385.74688720703125 200.2812042236328
4 152 110 70 404.91815185546875 361.78082275390625 1 331.179931640625 281.28533935546875 2 249.8240509033203 264.28662109375 3 45.51719665527344 90.1612777709961
2 22 29 47 405.2960205078125 309.23583984375 1 403.130859375 269.6607666015625
5 71 78 97 406.0842590332031 313.10333251953125 1 403.6810302734375 273.45819091796875 2 357.480712890625 411.3598937988281 8 293.2604675292969 425.1322937011719 9 254.57325744628906 400.1029052734375
2 97 103 125 406.1181335449219 305.2834777832031 1 403.4581604003906 265.9241943359375
2 59 55 46 408.8659362792969 504.8543701171875 1 349.5401611328125 486.9289855957031
2 86 62 36 410.954345703125 403.1651306152344 1 402.86920166015625 361.3060607910156
3 85 67 63 411.6485595703125 359.7945861816406 1 341.3636169433594 277.9892883300781 2 72.49642944335938 83.86479949951172
4 36 36 28 415.1114807128906 501.2055969238281 1 359.02459716796875 481.9582824707031 2 398.0120849609375 481.9008483886719 4 281.2584533691406 502.8222351074219
4 91 117 150 424.93438720703125 302.1834716796875 1 421.0028991699219 261.9441833496094 2 285.118408203125 116.79902648925781 5 592.841064453125 327.1549072265625
2 85 58 28 432.2442321777344 411.14410400390625 1 380.3533630371094 353.68341064453125
3 143 119 93 436.0019226074219 415.1338806152344 1 397.25244140625 362.34173583984375 2 365.5245056152344 392.25811767578125
2 144 123 92 436.00634765625 419.72174072265625 1 397.4031066894531 369.8819580078125
4 91 118 148 437.3287658691406 317.1203918457031 1 421.0028991699219 261.9441833496094 2 285.118408203125 116.79902648925781 5 592.841064453125 327.1549072265625
2 33 54 71 437.7865295410156 331.5075378417969 1 378.0906982421875 234.9452667236328
2 97 70 40 439.2333679199219 413.92010498046875 1 402.86920166015625 361.3060607910156
4 44 52 73 451.59100341796875 338.13934326171875 1 421.6392517089844 267.8031311035156 2 402.8350830078125 274.9825439453125 3 385.74688720703125 200.2812042236328
2 213 244 249 453.4527282714844 349.46063232421875 1 424.8858337402344 281.8647155761719
4 139 116 84 458.5338439941406 416.83428955078125 1 433.55712890625 366.4579162597656 2 415.9352722167969 391.6446228027344 3 405.0372009277344 347.4582824707031
4 98 110 134 459.61376953125 345.10455322265625 1 431.5727233886719 276.44476318359375 2 431.5727233886719 276.44476318359375 2 294.25115966796875 212.77395629882812
4 221 195 162 461.9739074707031 399.7024230957031 1 438.0970153808594 344.64007568359375 2 422.6048889160156 366.4617919921875 3 413.5496826171875 316.1314392089844
2 44 30 21 467.5884094238281 418.01025390625 1 446.8380126953125 367.99658203125
2 46 48 61 467.7365417480469 388.1014099121094 1 447.06439208984375 333.1287536621094
3 35 58 12 468.9582214355469 465.9595031738281 1 445.01904296875 426.92694091796875 2 297.0608215332031 441.1419982910156
4 132 156 104 469.5376281738281 468.7357482910156 1 446.77081298828125 430.271484375 2 412.09051513671875 442.2621154785156 4 412.09051513671875 442.2621154785156
4 38 32 32 469.6648254394531 427.37811279296875 1 450.0502624511719 379.19854736328125 2 433.9070129394531 367.6575622558594 4 353.2866516113281 351.58880615234375
3 36 25 23 470.5597229003906 410.5461730957031 1 450.2872619628906 358.7019348144531 2 437.7716369628906 383.6708679199219
2 40 40 40 470.72320556640625 434.45855712890625 1 451.22039794921875 387.7415466308594
4 42 51 22 473.9313659667969 450.3624572753906 1 455.85174560546875 406.65533447265625 2 443.9390869140625 438.9537353515625 3 441.81695556640625 405.18792724609375
2 241 255 255 476.74609375 263.9998779296875 1 479.9566955566406 220.26370239257812
7 45 40 37 478.27825927734375 412.8062438964844 1 460.3753662109375 361.6157531738281 2 450.1022644042969 387.36273193359375 3 450.3999938964844 344.8076477050781 4 521.9488525390625 406.2421569824219 8 504.38348388671875 423.8559265136719 9 521.3331298828125 399.2621765136719
4 49 55 27 479.070068359375 450.50250244140625 1 462.0609130859375 406.6885070800781 2 450.42236328125 405.8614196777344 4 372.8224792480469 399.2684020996094
2 56 59 66 491.5469970703125 417.5693359375 1 480.1435852050781 368.9843444824219
3 212 177 139 492.26220703125 435.1725158691406 1 481.8650207519531 388.8120422363281 2 421.9806213378906 404.1445007324219
9 203 174 142 495.5146179199219 432.6621398925781 1 485.9175720214844 385.7759094238281 2 482.4150695800781 415.9226379394531 3 492.6508483886719 381.23687744140625 4 433.5330810546875 372.95526123046875 5 428.00750732421875 399.1459045410156 6 391.3627624511719 387.8542175292969 7 404.52728271484375 377.9724426269531 8 489.83270263671875 430.7947082519531
2 52 51 33 504.1318054199219 447.2608642578125 1 496.135986328125 401.7869873046875
4 68 66 67 507.06268310546875 433.6446838378906 1 499.74798583984375 386.5893859863281 2 497.7198486328125 416.69439697265625 3 454.3502502441406 374.6646728515625
2 107 109 121 507.23211669921875 415.7206726074219 1 499.6493225097656 366.4626159667969
5 91 90 88 507.7341003417969 425.5038757324219 1 499.8037109375 377.5400695800781 2 553.7385864257812 418.6260070800781 8 538.5486450195312 437.2426452636719 9 557.5267944335938 413.1988830566406
4 255 254 255 511.1749572753906 408.59765625 1 504.3533020019531 359.97137451171875 2 503.343994140625 389.3027038574219 3 503.343994140625 389.3027038574219
8 254 255 253 513.736572265625 394.4194641113281 1 509.3893737792969 348.1603698730469 2 510.2607116699219 379.0680847167969 3 510.2607116699219 379.0680847167969 3 525.7351684570312 346.84661865234375 4 474.8020324707031 340.6863098144531 5 463.81195068359375 362.28704833984375 7 506.51873779296875 356.3481750488281
2 74 84 49 513.9891357421875 455.5677795410156 1 508.41650390625 410.4731750488281
2 63 67 44 514.23193359375 449.2336730957031 1 508.326171875 403.5335388183594
4 135 133 110 514.3072509765625 430.3638916015625 1 508.2460021972656 383.4743347167969 2 507.3278503417969 414.2578430175781 3 520.8493041992188 380.9175720214844
2 213 228 235 517.4606323242188 374.9541015625 1 517.270751953125 329.09783935546875
3 255 253 246 518.3680419921875 396.689697265625 1 514.1995239257812 350.1265869140625 2 131.66290283203125 190.97360229492188
3 164 136 133 519.4946899414062 393.78009033203125 1 515.1294555664062 347.4021301269531 2 531.7451171875 346.2936096191406
3 114 114 116 520.2921142578125 427.41033935546875 1 515.022216796875 380.04931640625 2 514.58251953125 410.2742004394531
4 212 204 183 522.5015869140625 461.5895080566406 1 518.1199340820312 416.54840087890625 2 517.53515625 449.149169921875 3 531.9345092773438 418.2138671875
9 97 101 110 523.16748046875 410.5246276855469 1 518.3148193359375 362.70941162109375 2 518.6647338867188 392.9431457519531 3 534.4187622070312 360.0386962890625 4 482.9416809082031 353.24444580078125 5 492.5296936035156 379.07373046875 6 472.0364074707031 373.3600769042969 7 514.5848999023438 366.1726989746094 8 497.3306579589844 381.27960205078125
3 45 47 36 526.073486328125 430.5091857910156 1 521.8096313476562 383.59619140625 2 521.8096313476562 383.59619140625
2 246 251 254 527.0040283203125 377.11883544921875 1 524.9682006835938 331.05450439453125
9 76 85 54 529.633056640625 452.2533264160156 1 525.9371948242188 406.18121337890625 2 525.974853515625 438.2934265136719 3 540.9805908203125 406.6247253417969 4 487.7678527832031 402.1689453125 5 497.2518005371094 429.8628845214844 6 473.1398620605469 428.0247497558594 7 515.6193237304688 422.9949645996094 8 513.136962890625 418.0436706542969
4 189 186 167 530.56884765625 456.5571594238281 1 527.3753662109375 410.617919921875 2 527.5164794921875 442.7135314941406 3 542.1717529296875 411.5202331542969
3 124 132 95 535.3782348632812 440.6653747558594 1 531.7975463867188 394.48577880859375 2 532.5059814453125 425.961181640625
2 254 254 255 536.6726684570312 333.7508850097656 1 526.8778686523438 281.6330261230469
9 101 104 73 538.268310546875 431.58673095703125 1 535.3707275390625 384.5108947753906 2 536.098388671875 415.6858215332031 3 500.1893615722656 378.7412414550781 5 511.8146057128906 404.76531982421875 6 489.9606018066406 401.81036376953125 7 534.2503051757812 394.9903869628906 8 517.2974243164062 412.4060363769531 9 534.7794189453125 388.0045471191406
10 233 165 144 538.629150390625 392.6015319824219 1 534.9364013671875 345.44561767578125 2 536.0134887695312 376.5556335449219 3 552.1985473632812 344.72607421875 4 501.3448181152344 339.3874816894531 5 511.4481201171875 365.6360778808594 6 491.3753967285156 361.8707580566406 7 534.2534790039062 356.01898193359375 8 517.723388671875 372.5151062011719 9 534.611328125 348.1737365722656
9 38 44 32 544.79443359375 447.2739562988281 1 542.1658325195312 400.4635009765625 2 543.1069946289062 432.09979248046875 3 558.7783813476562 400.78875732421875 4 518.8670043945312 422.9853210449219 6 496.316650390625 421.53729248046875 7 541.9985961914062 414.9023132324219 8 525.2933959960938 433.30841064453125 9 543.4090576171875 409.3191833496094
7 59 59 49 545.1192626953125 436.4190673828125 1 542.2693481445312 389.4909362792969 2 507.6140441894531 384.57794189453125 5 497.2491760253906 408.4703369140625 7 542.52392578125 401.5191345214844 8 525.9429931640625 419.4179382324219 9 543.8853149414062 395.2872619628906
8 51 53 40 545.6600341796875 445.70489501953125 1 542.8826904296875 398.8587951660156 2 544.192138671875 430.4390563964844 3 559.8115234375 399.1908264160156 4 519.8197021484375 421.2474365234375 6 543.0285034179688 412.96319580078125 8 526.4322509765625 431.2220153808594 9 544.5352783203125 407.17608642578125
7 83 99 63 545.890380859375 431.8249206542969 1 542.93359375 384.7640686035156 2 544.05810546875 415.8376770019531 3 559.9629516601562 384.28936767578125 4 542.8670654296875 395.3702087402344 8 526.4331665039062 412.9176025390625 9 544.0728759765625 388.58453369140625
8 87 93 65 546.8558349609375 423.6320495605469 1 543.8528442382812 376.0936279296875 2 545.0486450195312 407.0574035644531 3 560.8292236328125 375.42822265625 4 509.6492004394531 369.97308349609375 5 520.7086181640625 395.6490783691406 6 543.8885498046875 384.8576354980469 8 527.6547241210938 401.8090515136719
3 190 185 191 552.7239379882812 381.4397888183594 1 548.587158203125 334.1466979980469 2 549.64794921875 343.1851806640625
7 189 163 162 557.0264892578125 381.6260070800781 1 553.0165405273438 334.1705322265625 2 554.556396484375 365.03662109375 3 570.5950927734375 333.66845703125 4 520.7728881835938 328.03759765625 5 530.61962890625 353.71392822265625 6 538.072021484375 359.9009704589844
9 125 125 87 557.4730224609375 439.5495910644531 1 555.2534790039062 392.3074645996094 2 556.3577270507812 423.6854248046875 3 572.6765747070312 392.6189880371094 4 533.53564453125 413.9025573730469 6 512.0716552734375 412.4923400878906 7 558.17724609375 404.9764099121094 8 541.796875 423.3370056152344 9 560.3810424804688 399.14398193359375
5 200 144 127 558.2464599609375 416.5209655761719 1 555.426513671875 368.91302490234375 2 555.426513671875 368.91302490234375 2 573.566162109375 368.25628662109375 4 513.3341064453125 385.66217041015625
4 254 255 255 560.9421997070312 394.8599853515625 1 557.7185668945312 347.06915283203125 2 576.2608032226562 346.03729248046875 4 537.162841796875 365.5612487792969
11 255 254 246 562.0255126953125 413.31134033203125 1 559.3579711914062 365.36358642578125 2 559.3579711914062 365.36358642578125 2 560.6419067382812 396.4281005859375 3 577.4199829101562 364.9013366699219 4 577.4199829101562 364.9013366699219 4 526.74267578125 359.8112487792969 5 537.9539794921875 384.8504638671875 6 518.05517578125 382.2201232910156 7 546.3930053710938 391.5281982421875 9 266.6625671386719 409.1482238769531
12 245 179 181 562.1666259765625 448.6446228027344 1 560.6105346679688 401.4833068847656 2 562.4310302734375 433.2133483886719 3 540.9375610351562 424.0946044921875 6 540.9375610351562 424.0946044921875 6 520.0760498046875 423.3470764160156 7 520.0760498046875 423.3470764160156 7 567.4600219726562 415.6056213378906 8 567.4600219726562 415.6056213378906 8 552.8853149414062 434.8484191894531 9 552.8853149414062 434.8484191894531 9 572.6143188476562 410.5887756347656
5 189 139 116 562.7927856445312 405.29193115234375 1 560.1331176757812 357.13922119140625 2 561.9486694335938 388.0444641113281 3 528.0692138671875 351.38494873046875 5 539.2327880859375 376.0252380371094
2 190 144 129 563.2281494140625 400.9406433105469 1 560.3787841796875 352.10418701171875
3 223 205 203 564.3424682617188 456.6648254394531 1 562.9537353515625 409.8907470703125 2 523.2963256835938 434.8244934082031
7 91 88 71 567.319580078125 407.3046569824219 1 564.7980346679688 358.5880432128906 2 566.5552368164062 389.2843933105469 3 583.0748291015625 358.0214538574219 4 532.66552734375 352.95965576171875 5 543.9774169921875 377.2665100097656 6 569.2820434570312 365.63934326171875
4 104 113 112 567.81591796875 393.05560302734375 1 565.0399169921875 344.38616943359375 2 583.4815063476562 343.1374206542969 4 533.406005859375 337.3992919921875
9 101 104 85 568.7376098632812 401.40936279296875 1 565.9505004882812 353.57794189453125 2 567.8181762695312 384.5458679199219 3 584.60595703125 352.94049072265625 4 534.4266357421875 347.7566223144531 5 545.76806640625 372.6297302246094 6 526.8536987304688 369.8651428222656 7 571.6279296875 361.039306640625 8 556.58544921875 378.810302734375
8 195 232 251 570.0916137695312 386.42388916015625 1 567.0849609375 337.30908203125 2 586.0377197265625 334.9867858886719 4 536.1423950195312 329.2065734863281 5 528.341552734375 349.1306457519531 7 571.3634643554688 340.184814453125 8 555.7647705078125 356.4378967285156 9 573.542236328125 331.49481201171875
4 176 136 128 570.1336059570312 434.37213134765625 1 568.3065185546875 386.7287292480469 2 570.1190185546875 417.6348571777344 3 587.0326538085938 386.8693542480469
2 212 201 183 571.659912109375 456.9903869628906 1 570.92626953125 410.6650695800781
4 49 42 34 573.4768676757812 432.9244689941406 1 572.1030883789062 385.43804931640625 2 574.1878051757812 416.22967529296875 3 553.5216674804688 405.32781982421875
5 110 98 86 575.02392578125 427.0909729003906 1 573.8005981445312 378.4565124511719 2 576.2305297851562 409.3692626953125 3 593.5028686523438 378.16259765625 4 542.920654296875 373.239990234375
10 80 92 82 576.0374755859375 390.311767578125 1 573.3182373046875 341.37457275390625 2 575.5398559570312 371.8823547363281 3 592.5154418945312 340.2535095214844 4 542.6246948242188 334.5445861816406 5 553.8237915039062 358.1376647949219 6 536.0777587890625 354.168212890625 7 579.0729370117188 345.3902587890625 8 743.1095581054688 457.50750732421875 9 581.2947998046875 336.05377197265625
5 102 113 99 578.1649169921875 389.0433044433594 1 575.3016357421875 340.003173828125 2 577.3207397460938 370.1914367675781 3 594.4252319335938 338.8216552734375 4 544.752685546875 333.0976867675781
3 59 70 54 578.3155517578125 397.2574768066406 1 575.8568115234375 348.5251159667969 2 577.8674926757812 379.0992126464844
4 98 89 92 579.0449829101562 436.6708984375 1 578.4722290039062 387.99322509765625 2 581.1723022460938 418.88006591796875 3 598.9755859375 387.738525390625
4 184 214 252 579.5394287109375 227.63116455078125 1 583.2635498046875 178.79840087890625 2 572.1622314453125 194.52435302734375 7 622.4917602539062 178.82037353515625
5 202 139 124 579.6539916992188 407.48944091796875 1 577.7464599609375 358.3389892578125 2 580.2023315429688 388.5072021484375 3 597.7012329101562 356.82220458984375 4 547.687255859375 350.974853515625
3 37 42 36 581.4200439453125 448.2127685546875 1 583.9365234375 400.85260009765625 2 588.8350219726562 432.7225036621094
7 195 242 255 581.9078979492188 373.1227111816406 1 579.1871337890625 323.7199401855469 2 581.3359985351562 353.8507995605469 3 598.9788818359375 321.960205078125 4 549.8990478515625 315.8441467285156 5 560.75146484375 338.7789001464844 6 543.7752075195312 334.6911315917969
6 62 66 52 583.630126953125 400.7803955078125 1 581.5214233398438 351.56658935546875 2 588.8350219726562 432.7225036621094 3 562.0648803710938 399.7962646484375 5 581.358154296875 425.433349609375 6 570.1075439453125 398.7953796386719
4 68 82 47 584.00048828125 460.82818603515625 1 585.6084594726562 413.9236145019531 2 589.9088134765625 446.1188049316406 3 610.0441284179688 416.6324157714844
6 58 53 47 584.0858154296875 436.8028564453125 1 584.3842163085938 388.4730529785156 2 587.8704223632812 419.48101806640625 3 606.5 388.44476318359375 4 557.0110473632812 383.49334716796875 5 571.7228393554688 407.0040588378906
2 111 123 121 585.056884765625 382.46563720703125 1 582.4315795898438 333.8663330078125
4 33 44 14 587.5695190429688 458.1060485839844 1 589.2996826171875 410.8695068359375 2 593.525390625 443.2837829589844 3 613.4688720703125 413.68426513671875
3 104 111 121 587.88818359375 446.04547119140625 1 588.97802734375 397.5364074707031 2 593.2022705078125 428.75830078125
6 69 67 70 588.5510864257812 421.6497802734375 1 589.3814086914062 371.7315368652344 2 594.109619140625 400.87139892578125 3 148.0178985595703 539.4208374023438 5 568.4230346679688 393.9809265136719 6 601.9332885742188 378.51910400390625
5 107 114 107 590.0237426757812 426.9656066894531 1 591.4984130859375 377.1014099121094 2 596.3505859375 407.0990905761719 3 616.52587890625 374.935302734375 4 568.700439453125 368.77801513671875
2 74 74 74 595.4470825195312 416.0268859863281 1 597.8765258789062 364.63720703125
2 110 114 89 596.5233154296875 400.6664733886719 1 594.6570434570312 350.9046936035156
3 196 201 207 599.9722290039062 430.7047119140625 1 604.26708984375 381.1453857421875 2 611.9848022460938 411.14599609375
2 246 250 225 601.889404296875 415.2209777832031 1 606.5225219726562 363.0536804199219
3 253 255 254 602.0604858398438 425.32464599609375 1 607.3868408203125 376.03826904296875 2 615.2944946289062 406.02978515625
2 227 240 249 603.3555908203125 379.6867370605469 1 602.4351806640625 329.0934753417969
2 41 49 25 608.2271118164062 475.96832275390625 1 619.4486083984375 433.1216125488281
2 42 55 27 610.4102783203125 472.0361328125 1 624.5028686523438 426.4481506347656
2 223 235 247 613.0176391601562 383.0860595703125 1 619.9786376953125 323.02801513671875
2 193 216 247 614.2913818359375 229.597412109375 1 619.1238403320312 179.70834350585938
3 81 63 85 616.826904296875 353.5712585449219 1 624.1375732421875 289.5781555175781 2 635.63232421875 308.10693359375
2 34 41 33 617.4486083984375 443.1512756347656 1 628.44189453125 393.064453125
2 52 60 36 617.6580200195312 481.7075500488281 1 634.3406982421875 441.1567687988281
2 37 44 36 619.3139038085938 452.9202880859375 1 676.4342651367188 233.46139526367188
3 70 52 66 620.426513671875 345.0609436035156 1 630.1183471679688 277.8390808105469 2 497.3074645996094 432.444580078125
2 62 51 65 621.5866088867188 376.39837646484375 1 635.0979614257812 311.9837341308594
4 70 51 55 623.67626953125 374.8763122558594 1 637.8583374023438 309.59515380859375 2 656.3693237304688 325.8547058105469 3 701.2899780273438 272.734130859375
2 38 57 27 625.318603515625 472.25640869140625 1 645.6822509765625 429.7434997558594
4 209 174 152 625.8455200195312 373.1618347167969 1 640.481689453125 307.350830078125 2 659.4188842773438 322.8579406738281 3 705.9608764648438 269.0215148925781
2 50 34 44 625.8900756835938 388.1972961425781 1 640.8277587890625 325.8591003417969
2 162 168 122 626.8126220703125 490.3856201171875 1 649.2466430664062 452.947998046875
3 147 167 114 627.5108032226562 474.6329345703125 1 649.3169555664062 432.9294738769531 2 674.2785034179688 471.7392272949219
2 201 186 167 628.414794921875 537.1574096679688 1 652.1761474609375 502.62066650390625
2 133 140 148 632.1417236328125 403.2815246582031 1 649.0775756835938 344.5895690917969
3 94 59 57 634.0608520507812 367.0859069824219 1 650.6480102539062 299.46630859375 2 671.7572021484375 314.3379821777344
4 94 81 75 635.383056640625 370.0486755371094 1 652.99658203125 302.7091369628906 2 674.6968383789062 317.2563171386719 3 649.9710693359375 361.6980895996094
2 217 202 181 635.7879028320312 657.99169921875 1 40.00088119506836 526.2688598632812
2 181 148 129 636.0352172851562 317.1059265136719 1 652.0840454101562 239.150390625
3 104 88 91 641.7867431640625 362.8592529296875 1 662.0394287109375 293.0792541503906 2 823.1431884765625 136.775146484375
2 255 244 235 647.5587158203125 324.1062316894531 1 672.0767211914062 243.66725158691406
2 72 55 74 651.8709716796875 310.1226501464844 1 678.0423583984375 220.51544189453125
3 130 140 131 652.2742309570312 453.04296875 1 687.1376342773438 404.91802978515625 2 730.9790649414062 437.6549377441406
2 227 178 171 656.3980102539062 314.8911437988281 1 686.36279296875 225.416748046875
2 52 49 30 657.7886962890625 508.8627014160156 1 708.7816162109375 484.6209411621094
2 30 40 16 662.309814453125 488.36871337890625 1 715.8695678710938 458.173828125
2 154 182 123 663.3016967773438 462.3996887207031 1 713.2694702148438 418.074951171875
4 52 57 17 665.2523193359375 512.8345336914062 1 723.231689453125 492.6589660644531 2 216.3909912109375 561.8939208984375 7 216.3909912109375 561.8939208984375
2 138 144 156 666.8723754882812 436.31884765625 1 688.2545776367188 383.8013000488281
4 65 39 38 671.7548828125 347.01495361328125 1 727.34423828125 248.8644561767578 2 727.34423828125 248.8644561767578 2 808.3467407226562 218.82215881347656
4 142 138 139 674.4529418945312 353.8533630371094 1 731.9014282226562 259.11834716796875 2 814.1263427734375 232.1232147216797 3 847.0303955078125 386.8423767089844
2 155 142 134 674.4638671875 343.55792236328125 1 731.4933471679688 244.04586791992188
3 158 137 132 675.5628662109375 346.1407775878906 1 733.1685791015625 247.61276245117188 2 816.0311279296875 216.1416015625
2 93 80 98 685.951171875 261.85009765625 1 701.1376953125 187.3944854736328
3 255 255 250 689.396484375 340.1793518066406 1 767.924072265625 227.2789306640625 2 150.05894470214844 218.15927124023438
2 198 217 153 690.7019653320312 496.4591979980469 1 828.5669555664062 489.2474060058594
2 53 61 37 698.4865112304688 539.6807250976562 1 853.3514404296875 574.1005859375
2 146 174 99 699.1730346679688 501.62261962890625 1 848.0570068359375 500.01092529296875
2 144 170 107 702.9315795898438 526.4675903320312 1 857.0585327148438 548.0256958007812
2 33 48 17 705.8497924804688 518.06787109375 1 860.360107421875 531.6654663085938
2 122 121 117 706.7860107421875 377.5968322753906 1 791.421630859375 285.79071044921875
2 185 209 149 707.5087280273438 512.292724609375 1 866.8617553710938 520.7806396484375
3 39 57 7 708.40771484375 524.3949584960938 1 868.8322143554688 544.4320678710938 2 868.8322143554688 544.4320678710938
2 30 21 14 720.0460205078125 544.2103881835938 1 814.9945068359375 140.50326538085938
5 127 114 82 725.8930053710938 410.43902587890625 1 741.321044921875 192.6471710205078 2 697.9480590820312 222.88909912109375 6 713.463623046875 179.05694580078125 7 261.1329345703125 417.6722717285156
5 48 51 42 753.9365844726562 437.6253356933594 1 718.7432250976562 382.4526062011719 2 783.8642578125 405.648193359375 3 784.579345703125 374.0565490722656 5 841.0972290039062 386.21978759765625
3 49 42 23 769.9522705078125 335.389892578125 1 826.01904296875 257.27587890625 2 839.460693359375 270.3591003417969
2 24 23 19 778.410888671875 379.9183349609375 1 354.2982177734375 414.3050231933594
2 52 57 61 780.1723022460938 329.0646667480469 1 844.9981079101562 246.00515747070312
2 103 125 148 780.7562866210938 334.8371276855469 1 845.5562744140625 254.18173217773438
3 121 121 119 783.8147583007812 585.4627075195312 1 957.25927734375 4.222062587738037 2 966.4168701171875 314.9208068847656
2 79 99 126 788.8384399414062 216.28123474121094 1 193.6049041748047 94.84223937988281
4 106 155 232 817.96142578125 115.59619903564453 1 381.9158020019531 249.77674865722656 2 825.5048828125 108.40338134765625 4 266.98760986328125 400.3343200683594
3 43 48 42 832.0729370117188 301.368408203125 1 826.01904296875 257.27587890625 2 864.8356323242188 236.19625854492188
3 77 101 125 835.6860961914062 303.15362548828125 1 829.453857421875 260.2052307128906 2 869.8954467773438 240.16705322265625
3 140 148 159 838.4208374023438 92.02945709228516 1 829.810546875 51.677085876464844 2 786.2241821289062 67.20267486572266
4 131 143 155 841.0126953125 84.16259765625 1 831.965087890625 44.9947509765625 2 831.965087890625 44.9947509765625 2 745.154052734375 183.28074645996094
2 15 28 45 846.1843872070312 140.41278076171875 1 837.8135375976562 100.1307601928711
4 42 48 60 846.319580078125 292.42138671875 1 837.402099609375 251.12429809570312 2 837.402099609375 251.12429809570312 2 843.7060546875 260.1015319824219
4 35 47 47 850.857421875 289.1117858886719 1 844.9981079101562 246.00515747070312 2 983.488525390625 212.3828582763672 3 845.8517456054688 257.4197998046875
2 126 139 147 852.979736328125 92.87187957763672 1 843.8995361328125 52.787452697753906
2 159 169 181 855.3751831054688 130.77745056152344 1 846.3652954101562 55.302494049072266
2 156 166 178 855.3926391601562 95.32755279541016 1 846.3652954101562 55.302494049072266
3 142 155 171 855.4988403320312 136.90110778808594 1 846.554443359375 61.445613861083984 2 312.0180969238281 212.57308959960938
3 169 177 188 855.6217041015625 101.46514129638672 1 846.554443359375 61.445613861083984 2 312.0180969238281 212.57308959960938
2 12 13 15 858.5690307617188 358.428466796875 1 852.8623657226562 310.07611083984375
3 226 220 186 861.7427978515625 677.6348266601562 1 282.0692138671875 499.68292236328125 2 969.8118286132812 209.3405303955078
2 110 91 58 867.9481811523438 368.1836853027344 1 862.2976684570312 318.195068359375
2 109 100 71 868.0715942382812 357.7269592285156 1 862.1926879882812 309.00347900390625
3 75 52 20 873.3167724609375 273.59429931640625 1 1014.4774169921875 145.9546356201172 2 337.9725646972656 194.1166229248047
7 70 70 60 883.5656127929688 474.3565368652344 1 193.6049041748047 94.84223937988281 2 846.554443359375 61.445613861083984 2 259.6239929199219 149.6942901611328 3 271.9070739746094 105.39024353027344 4 240.84507751464844 185.17620849609375 8 312.0180969238281 212.57308959960938
2 231 220 192 883.6409912109375 696.6204223632812 1 191.97474670410156 545.4589233398438
2 22 23 18 895.4265747070312 286.85760498046875 1 889.5380859375 241.0416259765625
3 233 226 197 910.786865234375 713.8341064453125 1 282.0692138671875 499.68292236328125 2 969.8118286132812 209.3405303955078
2 36 26 16 915.354736328125 256.1983642578125 1 907.4189453125 216.32630920410156
3 88 136 212 933.9429931640625 11.867539405822754 1 810.8680419921875 56.62474822998047 2 850.0118408203125 32.92588806152344
3 84 69 48 945.9652709960938 421.1477966308594 1 938.1036987304688 374.4132385253906 2 947.1231079101562 409.1974792480469
5 29 29 29 948.4967041015625 237.42642211914062 1 939.339111328125 196.18533325195312 2 938.5000610351562 220.63621520996094 4 937.8598022460938 195.1463165283203 5 876.5835571289062 241.59011840820312
2 19 18 16 952.9661254882812 317.947998046875 1 943.0528564453125 261.1479187011719
2 88 137 216 952.9852905273438 11.725396156311035 1 302.5560302734375 256.4716491699219
2 60 90 124 960.8319702148438 278.5896911621094 1 951.6388549804688 226.84349060058594
5 54 79 120 961.5133666992188 244.08973693847656 1 951.4752807617188 202.78073120117188 2 947.9197387695312 227.22621154785156 4 885.9493408203125 246.98318481445312 6 944.1849365234375 310.42364501953125
2 101 93 74 980.2787475585938 380.9517517089844 1 319.9730224609375 296.61590576171875
2 19 15 12 994.3870239257812 298.71600341796875 1 984.9512939453125 255.8849334716797
3 93 91 78 995.4332275390625 349.6907043457031 1 154.62847900390625 579.0556640625 2 572.56640625 347.08050537109375
4 22 24 19 995.957275390625 341.86474609375 1 987.3583984375 371.0157775878906 2 212.6446075439453 143.14361572265625 7 249.6535186767578 169.3849334716797
2 175 164 136 20.519439697265625 726.479248046875 1 15.485673904418945 692.9209594726562
3 46 46 38 24.81945037841797 315.8990173339844 1 990.6716918945312 272.8797302246094 3 981.850341796875 566.0111083984375
4 39 48 63 61.89228820800781 79.4994125366211 1 870.8452758789062 53.149139404296875 3 242.57350158691406 386.4403991699219 5 1010.621337890625 610.4010620117188
6 28 29 21 73.04360961914062 376.674560546875 1 430.88909912109375 369.9564208984375 3 879.3075561523438 455.10028076171875 4 586.4296875 403.83917236328125 5 680.3800659179688 421.77972412109375 8 768.7393188476562 421.0022888183594
2 136 133 118 75.23953247070312 664.0702514648438 1 209.3870086669922 586.5745849609375
2 18 16 17 83.85762786865234 495.2574157714844 1 109.26881408691406 501.1080017089844
2 110 103 95 86.51051330566406 490.9186706542969 1 19.220449447631836 507.77801513671875
3 57 49 38 89.35829162597656 302.41949462890625 1 20.917877197265625 288.5083312988281 3 737.4766845703125 367.4996643066406
3 171 155 140 92.37518310546875 646.1837768554688 1 922.3663330078125 622.6678466796875 3 947.6373291015625 614.57763671875
2 116 112 100 104.98963165283203 464.11395263671875 1 146.5826416015625 245.29620361328125
2 47 47 37 107.13326263427734 478.9018859863281 1 988.6597290039062 278.02777099609375
2 51 51 41 107.85931396484375 453.3159484863281 1 990.6716918945312 272.8797302246094
2 63 59 56 119.65845489501953 246.0877685546875 1 13.643777847290039 203.51016235351562
2 107 108 113 168.8376922607422 178.386962890625 1 134.09185791015625 245.60385131835938
2 46 47 42 187.77821350097656 433.7828674316406 1 49.66891860961914 377.1826477050781
3 51 50 46 189.19741821289062 348.8084411621094 1 51.14763641357422 317.92236328125 3 995.753662109375 354.1662902832031
3 47 49 46 204.03890991210938 351.8620300292969 1 405.74322509765625 394.608642578125 3 895.00732421875 376.0660095214844
6 48 44 43 204.4901123046875 560.877685546875 1 79.0043716430664 608.13525390625 3 79.0043716430664 608.13525390625 3 336.4217529296875 477.2646789550781 4 176.62022399902344 502.6303405761719 5 176.62022399902344 502.6303405761719
5 35 31 32 219.49884033203125 483.0133972167969 1 270.1426086425781 456.4410705566406 3 115.1312255859375 426.22503662109375 4 124.1472396850586 464.4513244628906 6 124.1472396850586 464.4513244628906
2 49 48 43 232.82635498046875 436.588134765625 1 49.66891860961914 377.1826477050781
6 52 48 47 246.59547424316406 549.0408935546875 1 79.0043716430664 608.13525390625 3 79.0043716430664 608.13525390625 3 336.4217529296875 477.2646789550781 4 176.62022399902344 502.6303405761719 5 176.62022399902344 502.6303405761719
2 112 108 107 294.6317138671875 474.51666259765625 1 270.0729675292969 453.2933349609375
3 11 20 49 298.421142578125 231.0425262451172 1 145.536865234375 215.5467071533203 3 426.6249084472656 305.7388916015625
4 32 34 33 334.7557678222656 391.2278137207031 1 395.24609375 393.2879638671875 3 373.41033935546875 346.5227966308594 4 373.41033935546875 346.5227966308594
3 17 24 40 355.2922058105469 280.278564453125 1 274.1432800292969 202.79881286621094 3 209.744140625 122.88158416748047
2 126 126 124 382.09283447265625 484.3705749511719 1 368.24627685546875 301.3287048339844
5 107 117 142 390.5560607910156 277.6870422363281 1 309.9752197265625 197.42808532714844 3 368.6322937011719 195.65745544433594 4 777.3602905273438 183.65550231933594 8 668.9550170898438 323.0355224609375
2 131 103 66 397.0927429199219 414.349609375 1 229.839599609375 371.9140625
3 132 105 75 406.12420654296875 369.189453125 1 253.211181640625 280.2498474121094 3 52.49687194824219 118.72018432617188
2 139 114 83 407.023681640625 431.8089294433594 1 238.02183532714844 416.4831237792969
2 139 109 75 420.4583740234375 373.0130920410156 1 298.2747497558594 294.7484436035156
2 242 252 244 422.3554992675781 450.6213073730469 1 303.44915771484375 445.2847900390625
2 71 55 40 422.3783264160156 376.2748107910156 1 301.7832336425781 301.7945556640625
3 169 179 191 434.7127685546875 362.5245056152344 1 56.60589599609375 70.24081420898438 3 56.60589599609375 70.24081420898438
2 109 122 138 435.189697265625 339.1195068359375 1 367.0399475097656 284.4327697753906
3 84 99 120 435.35272216796875 325.7863464355469 1 398.6542663574219 279.50628662109375 3 398.6542663574219 279.50628662109375
3 206 192 179 436.7718811035156 511.9841613769531 1 482.0881042480469 475.09527587890625 3 394.8700866699219 545.7943725585938
7 41 36 30 469.6575927734375 438.270263671875 1 458.37066650390625 423.0294494628906 3 448.9070739746094 390.1606750488281 4 448.9070739746094 390.1606750488281 4 398.84783935546875 378.6610412597656 5 398.84783935546875 378.6610412597656 5 355.66168212890625 405.9442138671875
2 112 94 84 498.9903564453125 437.5559387207031 1 486.74713134765625 421.3306884765625
2 130 131 136 503.96807861328125 419.4009094238281 1 491.5183410644531 399.59271240234375
5 229 167 152 524.1480712890625 389.3936767578125 1 520.6309814453125 374.1885681152344 3 536.8316650390625 341.898681640625 4 486.2093200683594 335.5263977050781 5 495.7778625488281 362.000732421875
4 40 44 30 526.0562744140625 433.0171813964844 1 521.8866577148438 417.41168212890625 3 536.9451904296875 384.7276916503906 4 484.1741638183594 378.694580078125
2 168 132 120 544.0287475585938 389.4747314453125 1 541.3832397460938 372.5118408203125
5 164 170 132 546.0217895507812 427.96051025390625 1 544.1362915039062 411.878662109375 3 509.0419921875 374.9874572753906 5 498.6461181640625 397.98516845703125 7 543.4859008789062 390.35919189453125
12 148 159 142 548.4303588867188 435.0462646484375 1 546.8651123046875 419.10382080078125 3 546.8651123046875 419.10382080078125 3 563.254150390625 387.9779968261719 4 511.3183288574219 382.6932678222656 5 511.3183288574219 382.6932678222656 5 522.9085693359375 408.78466796875 6 522.9085693359375 408.78466796875 6 501.47998046875 406.7984924316406 7 501.47998046875 406.7984924316406 7 546.7233276367188 399.5543212890625 8 548.8881225585938 393.4328308105469
5 54 47 41 548.9525146484375 447.09600830078125 1 547.7968139648438 431.9563293457031 3 501.64471435546875 421.4693908691406 7 547.4915161132812 414.6058044433594 8 530.8426513671875 433.2191467285156
7 124 156 155 578.1181030273438 378.91973876953125 1 790.8839721679688 101.96157836914062 3 594.7984008789062 327.892333984375 4 594.7984008789062 327.892333984375 4 743.49365234375 85.02017974853516 7 584.0653686523438 321.2842712402344 10 997.933837890625 402.27398681640625
2 205 200 170 582.35498046875 465.97650146484375 1 588.3910522460938 452.8945617675781
4 121 115 115 587.3091430664062 425.2568664550781 1 592.6636962890625 405.6645812988281 3 612.2396240234375 373.56646728515625 4 564.2711181640625 367.8823547363281
2 111 131 68 613.7085571289062 450.074462890625 1 638.1709594726562 434.1225280761719
4 210 163 157 642.6172485351562 339.9407653808594 1 424.1171569824219 402.8407287597656 3 707.3576049804688 295.4295959472656 9 737.6851806640625 263.903076171875
2 150 135 130 669.0764770507812 347.8450622558594 1 802.9168090820312 220.00119018554688
2 231 175 162 675.6702270507812 300.3141784667969 1 702.9306030273438 258.37017822265625
2 233 169 157 676.0155029296875 312.3998718261719 1 424.1171569824219 402.8407287597656
4 180 177 124 687.668212890625 556.67529296875 1 624.3305053710938 485.4392395019531 3 658.4060668945312 466.5268249511719 4 624.231201171875 477.0850524902344
3 50 43 25 703.8880615234375 377.59320068359375 1 815.796875 359.1326904296875 3 738.6443481445312 223.51808166503906
4 204 152 141 713.0977172851562 291.5354309082031 1 731.35595703125 254.9674835205078 3 826.9379272460938 159.346923828125 4 835.8097534179688 101.76763153076172
3 43 41 26 714.9823608398438 433.7561340332031 1 60.071754455566406 377.0681457519531 3 860.5579223632812 59.99464416503906
2 116 90 57 720.572998046875 299.4787292480469 1 64.8125991821289 135.88380432128906
2 196 199 214 721.9909057617188 284.1018371582031 1 739.6004028320312 246.80799865722656
2 106 88 64 733.6253051757812 287.3878173828125 1 64.8125991821289 135.88380432128906
3 24 21 4 749.7861328125 429.036376953125 1 60.071754455566406 377.0681457519531 3 860.5579223632812 59.99464416503906
3 124 172 244 761.06787109375 156.8163604736328 1 452.1261291503906 348.36639404296875 3 687.4874877929688 149.42491149902344
2 232 220 194 763.1727294921875 727.3494262695312 1 944.1417236328125 611.1243896484375
3 81 81 93 764.3643798828125 220.59103393554688 1 275.2406921386719 191.49176025390625 3 346.2112121582031 187.6387176513672
2 36 33 18 778.4218139648438 411.57965087890625 1 433.4850158691406 372.6479187011719
2 38 40 37 779.4829711914062 436.9624328613281 1 262.6676330566406 453.5255432128906
3 21 16 12 804.40185546875 217.49119567871094 1 664.3474731445312 357.55303955078125 3 343.9013977050781 433.2509460449219
4 7 21 56 818.1871337890625 77.4366226196289 1 790.8839721679688 101.96157836914062 3 790.8839721679688 101.96157836914062 3 690.5735473632812 149.79437255859375
2 86 85 93 819.387939453125 142.2897186279297 1 390.4720458984375 456.6400146484375
2 44 47 56 820.12109375 602.0309448242188 1 250.46412658691406 53.091087341308594
2 73 108 148 838.5924682617188 305.0774230957031 1 960.3663940429688 237.0058135986328
2 177 184 194 841.571533203125 110.81768798828125 1 816.9072265625 157.2962646484375
2 46 57 77 848.8383178710938 68.06565856933594 1 629.1795043945312 395.3922119140625
2 22 24 39 858.0172729492188 114.52381896972656 1 137.0157928466797 222.23841857910156
3 104 75 35 895.6820678710938 263.9803466796875 1 64.8125991821289 135.88380432128906 3 864.9859619140625 241.58164978027344
2 12 11 16 925.4839477539062 80.85840606689453 1 437.0808410644531 343.1639099121094
2 111 103 67 939.5516967773438 423.8410339355469 1 939.9981689453125 412.46466064453125
2 144 135 94 941.8526000976562 748.7591552734375 1 842.4915161132812 639.1405029296875
2 61 58 65 942.54296875 62.98915481567383 1 264.5794372558594 205.53195190429688
2 61 60 66 943.09228515625 61.98667526245117 1 264.5794372558594 205.53195190429688
2 15 16 10 952.2283325195312 365.4375915527344 1 60.071754455566406 377.0681457519531
2 61 60 65 968.115966796875 41.094425201416016 1 370.29705810546875 308.0892028808594
6 22 33 35 987.5464477539062 213.71429443359375 1 983.488525390625 212.3828582763672 3 983.488525390625 212.3828582763672 3 852.7776489257812 261.4985046386719 4 976.0449829101562 174.83282470703125 5 125.5916519165039 610.7138671875
3 22 20 8 996.0105590820312 346.4414978027344 1 439.3390808105469 339.9261474609375 3 418.8516845703125 277.686279296875
3 106 99 89 16.236452102661133 303.54815673828125 1 574.2959594726562 410.4652404785156 4 561.1693725585938 426.4403991699219
2 83 84 79 38.32590103149414 579.1830444335938 1 16.14628791809082 545.1304321289062
3 55 51 50 65.65479278564453 640.9509887695312 1 153.34414672851562 618.3659057617188 4 352.9151306152344 418.07391357421875
2 183 173 148 103.55181121826172 646.4312744140625 1 271.49053955078125 139.56349182128906
3 119 115 103 104.97306060791016 433.6401062011719 1 360.45989990234375 189.60415649414062 4 965.790283203125 624.1143798828125
2 47 47 39 108.8137435913086 437.2364196777344 1 280.1407775878906 146.24212646484375
3 33 31 32 151.98117065429688 180.42286682128906 1 107.37531280517578 24.023460388183594 4 805.10888671875 71.90316772460938
2 103 94 77 174.14041137695312 202.9585723876953 1 289.2049560546875 105.32432556152344
4 121 117 106 223.61322021484375 468.8955078125 1 346.0172424316406 409.3815002441406 4 199.2161102294922 399.3816223144531 5 199.2161102294922 399.3816223144531
6 135 166 220 234.051513671875 159.85629272460938 1 879.1549682617188 449.83428955078125 4 843.84423828125 13.329935073852539 6 843.84423828125 13.329935073852539 6 769.5493774414062 298.106201171875 10 769.5493774414062 298.106201171875
7 90 92 105 234.0861053466797 175.4633026123047 1 879.1549682617188 449.83428955078125 4 843.84423828125 13.329935073852539 6 843.84423828125 13.329935073852539 6 705.7324829101562 345.8450622558594 9 769.5493774414062 298.106201171875 10 769.5493774414062 298.106201171875
3 32 40 63 285.6797790527344 179.36839294433594 1 331.66656494140625 148.7089385986328 4 331.66656494140625 148.7089385986328
3 102 106 115 337.8064880371094 246.15811157226562 1 370.9159851074219 209.6367950439453 4 262.357177734375 136.26608276367188
3 48 39 30 352.9737854003906 318.43798828125 1 388.3828125 287.3525085449219 4 171.15589904785156 403.2802734375
2 112 114 90 357.3747863769531 505.77496337890625 1 642.9705810546875 399.3198547363281
3 154 204 253 360.4559326171875 269.4472351074219 1 346.2112121582031 187.6387176513672 4 375.27313232421875 262.10943603515625
2 48 39 32 369.65911865234375 329.5108947753906 1 216.81690979003906 289.5985412597656
3 45 35 26 372.17926025390625 331.15478515625 1 216.81690979003906 289.5985412597656 4 703.5650634765625 191.3380584716797
2 80 59 38 426.2853698730469 408.9771728515625 1 180.5985565185547 273.8375549316406
2 207 222 179 477.17010498046875 474.8931884765625 1 426.6318359375 453.7309265136719
4 210 169 137 492.4866638183594 446.4350280761719 1 488.8577880859375 399.1588439941406 4 428.7746276855469 393.0064392089844 5 428.7746276855469 393.0064392089844
3 92 73 58 494.0198669433594 429.478515625 1 490.52716064453125 377.081787109375 4 425.3833312988281 393.728759765625
2 99 105 69 522.0103759765625 457.786376953125 1 531.8256225585938 413.5273132324219
6 151 214 255 549.6203002929688 286.6978759765625 1 545.2335815429688 251.33468627929688 4 509.1834411621094 247.82281494140625 5 509.1834411621094 247.82281494140625 5 537.343017578125 272.7218933105469 6 532.671630859375 259.9194030761719
3 68 76 65 559.0272216796875 434.99334716796875 1 574.6652221679688 387.8777770996094 4 513.8372802734375 406.72210693359375
5 198 172 157 570.167724609375 450.9375915527344 1 588.4435424804688 406.3167419433594 4 588.4435424804688 406.3167419433594 4 537.4606323242188 402.11090087890625 5 551.1087646484375 428.1986999511719
3 252 252 254 593.1883544921875 432.4465637207031 1 621.8906860351562 380.4346618652344 4 574.6839599609375 374.5851745605469
2 41 49 28 671.7879028320312 508.0007629394531 1 501.1087951660156 341.70806884765625
2 124 122 125 674.0316162109375 433.7072448730469 1 16.14628791809082 545.1304321289062
2 255 247 236 676.5625610351562 290.00006103515625 1 777.0132446289062 169.31947326660156
2 226 175 172 677.337158203125 298.69488525390625 1 825.5048828125 108.40338134765625
2 229 186 179 713.611572265625 269.6706237792969 1 777.0132446289062 169.31947326660156
4 20 17 12 734.5145874023438 405.195556640625 1 1013.878173828125 324.68402099609375 4 109.45977783203125 114.33741760253906 5 343.9013977050781 433.2509460449219
3 74 78 79 752.5601196289062 387.8365173339844 1 948.077880859375 259.5868225097656 4 627.182861328125 354.9438171386719
2 106 79 49 761.8623657226562 261.4924011230469 1 1002.9788208007812 312.8893127441406
2 56 50 50 780.03125 382.5738220214844 1 850.9054565429688 296.3600158691406
4 96 128 167 805.6796264648438 321.4302978515625 1 844.918212890625 275.57916259765625 4 822.8904418945312 261.18939208984375 5 885.9493408203125 246.98318481445312
4 106 157 238 815.5753784179688 113.57646942138672 1 345.7331237792969 207.1837921142578 4 293.2604675292969 425.1322937011719 9 254.57325744628906 400.1029052734375
4 24 47 97 839.8590087890625 27.032838821411133 1 257.986328125 56.12325668334961 4 747.6441650390625 451.48687744140625 9 827.8239135742188 428.735595703125
3 154 164 176 841.5783081054688 116.79399871826172 1 844.2088012695312 129.9014892578125 4 820.3204345703125 99.47565460205078
3 94 113 143 841.5867919921875 150.84666442871094 1 844.2088012695312 129.9014892578125 4 844.2088012695312 129.9014892578125
2 107 105 82 853.9251098632812 368.6748352050781 1 1010.2492065429688 509.62506103515625
4 107 78 46 902.11376953125 260.1509094238281 1 368.6322937011719 195.65745544433594 4 901.9055786132812 259.85888671875 6 777.3602905273438 183.65550231933594
3 10 11 6 917.84814453125 433.5382385253906 1 908.0030517578125 312.5325012207031 4 1016.5218505859375 411.3165588378906
2 22 18 9 948.072265625 393.82952880859375 1 151.26666259765625 263.0862731933594
4 14 13 11 994.8170776367188 315.2716979980469 1 908.0030517578125 312.5325012207031 4 980.4638671875 346.5309753417969 5 778.453857421875 381.6573486328125
2 107 104 87 14.811120986938477 475.10614013671875 1 983.7276000976562 253.0988006591797
3 117 113 102 102.8774642944336 513.9354858398438 1 983.7276000976562 253.0988006591797 5 976.9512939453125 180.97120666503906
4 18 20 35 135.0886688232422 90.03231048583984 1 980.4638671875 346.5309753417969 5 193.50265502929688 123.57572937011719 7 868.0916137695312 353.26947021484375
2 84 88 100 186.53762817382812 96.53752136230469 1 262.357177734375 136.26608276367188
4 55 62 90 202.24302673339844 126.69094848632812 1 841.219482421875 48.88816833496094 5 878.2186279296875 411.1554870605469 9 312.0180969238281 212.57308959960938
3 113 98 79 212.42788696289062 229.01419067382812 1 833.6400146484375 253.91624450683594 5 93.11481475830078 76.19444274902344
3 120 116 105 223.62026977539062 469.08807373046875 1 199.2161102294922 399.3816223144531 5 199.2161102294922 399.3816223144531
2 91 98 108 268.1607360839844 179.69973754882812 1 262.357177734375 136.26608276367188
2 106 102 99 306.1761474609375 542.159423828125 1 942.9303588867188 248.5721893310547
2 34 35 30 324.1842346191406 428.26190185546875 1 605.0922241210938 373.6966552734375
2 121 109 87 326.930419921875 305.5422058105469 1 543.5012817382812 326.2852478027344
2 23 23 23 328.66156005859375 395.28863525390625 1 83.05242919921875 351.759033203125
2 171 162 147 330.52789306640625 538.6538696289062 1 240.94386291503906 396.9934387207031
4 63 58 52 364.8707580566406 393.42608642578125 1 185.17579650878906 410.320068359375 5 152.05581665039062 324.46600341796875 6 164.3902130126953 596.626220703125
5 62 66 65 366.9250793457031 421.2806701660156 1 301.0184326171875 353.5047607421875 5 448.9070739746094 390.1606750488281 4 398.84783935546875 378.6610412597656 5 355.66168212890625 405.9442138671875
2 52 54 51 378.7284240722656 508.0719909667969 1 378.9574279785156 347.0767517089844
2 132 113 83 406.5720520019531 453.35748291015625 1 199.2161102294922 399.3816223144531
2 87 85 88 435.8522644042969 485.3465270996094 1 124.98623657226562 618.318603515625
3 205 241 255 453.1791076660156 357.1517639160156 1 679.55810546875 362.6270446777344 5 324.19500732421875 348.2831726074219
2 230 239 244 456.999755859375 367.48583984375 1 219.99244689941406 304.48883056640625
2 228 216 200 511.2939758300781 470.4574890136719 1 820.300048828125 572.1377563476562
2 207 186 165 612.0460205078125 488.13055419921875 1 543.5012817382812 326.2852478027344
2 73 60 51 672.4519653320312 528.25830078125 1 325.94989013671875 506.7736511230469
3 62 49 67 679.0436401367188 272.6954345703125 1 630.7116088867188 238.10862731933594 5 662.984130859375 217.50222778320312
2 38 29 20 716.6695556640625 299.54034423828125 1 297.4422302246094 250.74307250976562
2 77 79 78 752.495361328125 379.72039794921875 1 727.1721801757812 357.6858215332031
3 164 154 142 778.6561279296875 583.9150390625 1 65.00204467773438 603.9083251953125 5 95.76937103271484 589.1593627929688
2 103 79 43 784.9169311523438 240.8068389892578 1 864.9859619140625 241.58164978027344
2 21 24 41 858.0723876953125 110.5963134765625 1 124.22108459472656 558.6408081054688
2 118 105 70 887.0379638671875 255.55325317382812 1 751.402099609375 278.4544677734375
2 17 8 11 994.2840576171875 287.41986083984375 1 981.3458862304688 242.38064575195312
2 103 102 84 16.524389266967773 468.2735290527344 1 242.918701171875 217.13485717773438
2 110 103 93 17.73408317565918 398.23089599609375 1 976.9512939453125 180.97120666503906
2 44 41 32 111.87273406982422 316.9337158203125 1 414.1374816894531 424.511962890625
2 154 147 131 119.99810791015625 652.5297241210938 1 651.4688720703125 506.14251708984375
2 115 108 98 153.9299774169922 319.81854248046875 1 976.9512939453125 180.97120666503906
3 34 44 69 198.5785675048828 75.07360076904297 1 180.9788818359375 580.5496826171875 6 53.42162322998047 244.18405151367188
2 36 38 37 199.6417999267578 475.7346496582031 1 841.0972290039062 386.21978759765625
2 93 93 105 233.98699951171875 186.7677459716797 1 976.9512939453125 180.97120666503906
2 118 106 84 292.97509765625 298.3095397949219 1 759.9867553710938 190.41522216796875
2 13 16 31 297.86639404296875 263.94927978515625 1 768.0061645507812 162.83657836914062
2 214 203 183 474.0847473144531 500.9790954589844 1 458.74859619140625 461.9302673339844
2 226 240 249 484.0447692871094 269.0532531738281 1 290.322021484375 80.34445190429688
2 220 209 189 500.78460693359375 758.1781005859375 1 285.6818542480469 652.03173828125
2 177 166 162 593.9526977539062 412.0655517578125 1 581.5821533203125 375.94464111328125
2 80 49 46 671.6437377929688 339.7450866699219 1 726.164794921875 680.7852172851562
2 249 243 245 690.875732421875 329.9852600097656 1 12.628044128417969 496.088623046875
2 118 115 100 760.3391723632812 354.33026123046875 1 713.6414184570312 325.1890869140625
2 44 40 41 776.2617797851562 390.7939453125 1 891.2700805664062 291.8963623046875
3 85 72 64 806.2471313476562 377.01556396484375 1 886.44189453125 267.94439697265625 6 625.8258056640625 360.5916748046875
2 104 90 45 825.4702758789062 611.1868896484375 1 836.0816650390625 387.29052734375
2 14 36 86 850.6416625976562 21.34568214416504 1 1018.8419799804688 454.1573181152344
2 206 190 164 870.182373046875 760.8197631835938 1 912.5311279296875 33.24962615966797
2 241 231 196 879.8505249023438 686.4939575195312 1 36.92081832885742 323.47662353515625
2 29 21 8 907.2041625976562 260.4369812011719 1 909.2744750976562 488.4388427734375
2 106 142 202 946.6630249023438 15.476044654846191 1 230.61428833007812 205.508056640625
3 16 13 8 995.0188598632812 320.5524597167969 1 1016.5218505859375 411.3165588378906 6 661.0504150390625 421.74456787109375
2 25 22 17 17.402917861938477 500.45697021484375 1 207.72943115234375 573.8174438476562
2 31 31 31 82.9676742553711 657.92919921875 1 340.5921630859375 489.4718322753906
2 26 25 20 111.7901611328125 347.8238220214844 1 334.53070068359375 391.9381103515625
2 32 21 17 324.5343933105469 302.1121826171875 1 885.2779541015625 283.8240966796875
2 198 179 149 383.3109130859375 472.3495178222656 1 692.3884887695312 233.2903594970703
2 145 205 255 385.1221618652344 264.2188415527344 1 712.817138671875 535.6845703125
2 33 41 60 403.25677490234375 301.31793212890625 1 31.852914810180664 339.1342468261719
2 149 201 249 412.66510009765625 258.8199768066406 1 371.7657165527344 234.6381378173828
2 111 115 100 566.5498657226562 396.6095275878906 1 523.9681396484375 361.1684265136719
3 255 252 250 696.0526733398438 351.5646057128906 1 657.1930541992188 316.3231506347656 7 436.85150146484375 333.06512451171875
2 120 178 252 759.6458129882812 195.9261016845703 1 220.1874542236328 186.27261352539062
2 13 13 13 819.3073120117188 393.96319580078125 1 136.03077697753906 460.24493408203125
3 66 57 40 881.394287109375 508.7598571777344 1 339.487060546875 383.8619079589844 7 769.5493774414062 298.106201171875
3 75 83 86 985.1551513671875 276.24578857421875 1 358.0467529296875 408.48944091796875 7 300.7868347167969 418.0577392578125
3 126 118 95 988.6954345703125 400.5991516113281 1 375.81927490234375 432.3467712402344 7 331.67333984375 455.5602722167969
3 113 102 74 1001.1362915039062 413.5641784667969 1 355.8489990234375 395.3044128417969 7 780.183349609375 365.04034423828125
2 105 103 91 18.881149291992188 409.8646240234375 1 19.258472442626953 658.891357421875
2 62 58 47 48.38410568237305 703.5969848632812 1 102.34005737304688 682.6808471679688
2 32 29 24 55.60871505737305 648.453125 1 980.0791015625 605.8656005859375
2 87 89 101 187.4765167236328 189.700927734375 1 877.4308471679688 234.22720336914062
2 119 104 81 237.35037231445312 246.1111602783203 1 777.3602905273438 183.65550231933594
2 50 47 40 340.88360595703125 385.63311767578125 1 705.8817749023438 360.251953125
2 21 32 50 417.6698303222656 310.1897277832031 1 970.9481201171875 169.9440155029297
2 39 34 38 727.8812866210938 286.2341003417969 1 881.3863525390625 80.59779357910156
2 108 88 61 730.6871948242188 290.393798828125 1 777.3602905273438 183.65550231933594
2 153 143 133 743.5892333984375 512.6837158203125 1 123.7767105102539 208.92794799804688
3 31 20 16 751.4987182617188 266.42047119140625 1 631.406494140625 345.4057312011719 8 343.9013977050781 433.2509460449219
2 167 164 145 802.7852172851562 622.8892211914062 1 29.707218170166016 161.4970703125
2 113 135 156 805.9301147460938 350.16790771484375 1 261.1329345703125 417.6722717285156
2 124 123 128 846.6630249023438 164.33555603027344 1 472.5665588378906 342.4703674316406
2 83 82 88 867.2367553710938 138.32266235351562 1 864.0133056640625 77.14472961425781
2 241 232 203 874.4844360351562 691.06884765625 1 175.7928009033203 632.688720703125
2 164 154 129 910.7464599609375 694.4471435546875 1 29.707218170166016 161.4970703125
5 147 134 102 92.51371002197266 643.1104125976562 1 391.10113525390625 502.3567199707031 9 391.10113525390625 502.3567199707031 9 384.6576232910156 492.78216552734375 10 384.6576232910156 492.78216552734375
2 123 116 106 181.671142578125 478.9184875488281 1 780.183349609375 365.04034423828125
2 90 91 96 182.0188446044922 180.7279052734375 1 713.0377807617188 282.22027587890625
2 93 93 103 187.8196563720703 175.8629150390625 1 157.58917236328125 532.6442260742188
2 53 55 54 188.96609497070312 401.2835998535156 1 832.376708984375 330.07916259765625
2 43 32 26 280.2982482910156 560.4549560546875 1 863.418701171875 135.6059112548828
2 88 104 127 284.7213134765625 262.1166687011719 1 969.5558471679688 211.4275665283203
2 134 131 122 359.8279113769531 438.4468078613281 1 203.1259765625 334.0128479003906
3 224 204 179 382.7568054199219 453.56005859375 1 357.13421630859375 468.0166015625 9 338.62835693359375 452.8481750488281
2 151 204 254 403.68768310546875 258.11407470703125 1 190.8037567138672 362.516357421875
2 75 61 48 426.4109802246094 416.2621765136719 1 682.00927734375 318.2682189941406
2 174 161 145 428.94140625 712.668212890625 1 666.8283081054688 717.075927734375
2 216 204 192 445.1155700683594 531.1181030273438 1 717.5126342773438 285.0076599121094
2 172 170 175 563.1971435546875 381.3338317871094 1 189.65260314941406 265.1292724609375
2 255 254 252 689.3614501953125 446.33184814453125 1 707.3576049804688 295.4295959472656
2 230 172 160 713.4949951171875 281.7071533203125 1 357.13421630859375 468.0166015625
2 103 92 90 752.384765625 401.7510986328125 1 628.7559204101562 357.82818603515625
2 48 47 45 754.1082763671875 393.8272705078125 1 814.9080810546875 320.16900634765625
2 37 38 40 755.8400268554688 382.0102233886719 1 624.563720703125 422.30487060546875
2 88 85 76 774.8531494140625 404.90264892578125 1 614.9483642578125 371.897216796875
2 85 80 77 815.3294067382812 360.7517395019531 1 793.6806030273438 553.5697631835938
2 78 104 129 847.91748046875 317.8382568359375 1 935.0174560546875 637.4321899414062
3 12 12 10 992.8175659179688 417.52862548828125 1 329.5868225097656 462.45770263671875 9 302.9652099609375 446.4544677734375
2 118 118 108 58.939640045166016 362.5279846191406 1 819.656982421875 378.998779296875
2 80 82 95 123.86443328857422 92.9287338256836 1 839.3038330078125 314.8635559082031
2 26 19 13 169.0955352783203 195.9969024658203 1 302.5924987792969 340.4090881347656
2 80 87 106 192.4467315673828 91.07052612304688 1 769.5493774414062 298.106201171875
2 53 66 100 201.90904235839844 202.89100646972656 1 404.0028076171875 319.13262939453125
2 134 192 255 348.0413513183594 230.31063842773438 1 220.98983764648438 339.6971740722656
2 31 25 25 378.6874694824219 470.33184814453125 1 663.1793212890625 335.6281433105469
2 203 154 139 494.2656555175781 388.1356201171875 1 768.7124633789062 247.2792510986328
2 188 169 154 541.4639892578125 682.6907958984375 1 178.5436553955078 711.6705932617188
2 135 150 173 726.7269897460938 280.6252136230469 1 729.3343505859375 259.1971740722656
2 33 26 20 743.0810546875 274.7746276855469 1 343.9013977050781 433.2509460449219
2 131 118 99 781.8179321289062 430.8448791503906 1 911.9465942382812 279.2975769042969
3 110 159 225 819.2669067382812 116.80828094482422 1 769.5493774414062 298.106201171875 10 769.5493774414062 298.106201171875
2 22 19 10 982.4441528320312 358.0335693359375 1 208.69276428222656 325.9304504394531